[9.26082528885328e-06, -2.5674312510314575e-12, -2.28980078e-13, 1.5639433758754584e-11, -1.5375269425117828e-10, -2.2214260838739084e-15, 1.0973289401193973e-15, 9.545379876083093e-06, -1.3136726457629133e-06, -4.741332098886487e-09, 7.854869308564743e-10]
[0.0, -2.10723298358902e-12, -2.28980078e-13, 5.997017415114689e-11, -1.1490328061121487e-10, -5.905480716273344e-16, 1.4592009430875098e-15, 3.07564956378741e-05, -7.269354807815549e-07, -2.6667487436384005e-08, 1.7385960658932381e-09]
[0.0, -2.484520997471357e-12, -3.937941246649409e-13, 3.12580706355846e-11, -1.75214813e-10, -6.456575694170806e-16, 1.2344219478438285e-15, 2.4857673023864988e-05, -6.805093123992767e-07, -1.3228254012361664e-08, 1.021115695347642e-09]
[6.025851664075581e-07, -1.7240019068471816e-12, -2.28980078e-13, 8.248194801899124e-11, -1.0059756026584234e-10, -2.680255489338299e-15, 4.406400634897761e-16, 5.320139677805957e-06, -7.515612352106478e-07, -6.848180962658767e-09, 1.086457849290057e-09]
[6.079917721918121e-06, -1.45799022e-12, -3.322670845372699e-13, 6.313664824938277e-11, -1.75214813e-10, -2.571913746982937e-15, 5.941262653019641e-16, 3.938992142218101e-05, -3.472315778506543e-06, -2.3795186625161983e-08, 1.298709451404212e-09]
[-2.7126816385845535e-06, -2.1764972692130023e-12, -2.838865125654727e-13, 7.874928487988904e-11, -1.6676774853691068e-10, -3.0960800192524987e-15, 1.4497521399968417e-15, 1.653206831518252e-05, -1.8108958487803167e-06, -7.598543746300628e-09, 1.7586376600718414e-09]
[-6.7065562584198495e-06, -1.0171175298830487e-12, -3.5802677543309337e-13, 7.326394589910586e-11, -1.6697270248483818e-10, -7.98382599920161e-16, 1.3383323003782716e-15, 2.746653724725935e-05, -5.20469897584364e-07, -4.130616165141736e-09, 1.6068800608766268e-09]
[-4.725131575298687e-06, -1.2276582276148757e-12, -3.029187875185047e-13, 1.6098819019359837e-11, -2.775257843545895e-10, -3.0622559319595637e-15, 5.579918227558492e-16, 8.156597970097172e-06, -3.3923547056494047e-06, -2.1347642359826222e-08, 1.207765378651791e-09]
[6.883941674825695e-06, -2.4888756516363116e-12, -1.2724303627852205e-13, 3.590999221902289e-11, -6.583731539118615e-11, -2.0684389889251738e-15, 8.5294406e-16, 1.4286408208505923e-05, -3.478355550152842e-06, -5.396114444011571e-09, 1.5927417086297288e-09]
[0.0, -2.1653172409755354e-12, -6.606207897880434e-14, 8.17697976968349e-11, -1.498475411299669e-10, -1.1687328983115782e-15, 1.0056516350093214e-15, 1.7329237516923443e-05, -3.424719697395282e-06, -1.518160556494976e-08, 9.98214034e-10]
[7.518661498549306e-06, -2.2315004294315424e-12, -2.1703847615238786e-13, 1.2574885916835293e-11, -1.5361062708653396e-10, -3.0559771243263575e-15, 1.2796191441446042e-15, 1.862022795441628e-05, -2.04721003e-06, -4.616948781918752e-09, 2.5288732373971663e-10]
[6.379244942040693e-06, -1.2141495728500439e-12, -1.3499145417588374e-13, 2.0655064916266604e-11, -1.3710312367111114e-10, -2.938223714557039e-15, 9.135420618663872e-16, 1.1920405450754665e-05, -2.04721003e-06, -1.6382598006955374e-08, 1.6716823152604724e-09]
[-2.087629262835829e-06, -1.883721175809003e-12, -3.8605859070105807e-13, 4.62010753e-11, -7.940036766193274e-11, -3.735504498648099e-16, 1.4965883634152033e-15, 2.6227742401159508e-05, -1.3698566558956537e-06, -1.073454443863875e-08, 1.2841129992559076e-09]
[-5.040190463324575e-08, -1.9816638583994965e-12, -4.1098893145505303e-13, 7.247430544089936e-11, -1.75214813e-10, -1.2633992207687508e-15, 8.278002275289626e-16, 2.8573070603672606e-05, -2.04721003e-06, -9.688249872123698e-09, 9.98214034e-10]
[1.6147273578664503e-06, -1.0618564239532539e-12, -2.520076474279432e-13, 1.92905953901874e-11, -4.331233201308879e-11, -1.0457056775385524e-15, 1.075996774695223e-15, 1.5855990993482756e-05, -1.9790869725520728e-06, -1.0604298744971457e-08, 9.98214034e-10]
[-3.6848972317222047e-07, -5.657785943491691e-13, -2.28980078e-13, 2.2470331679306444e-11, -1.5254164331066295e-10, -1.8366977e-15, 6.960721615137767e-16, 3.5033731133704863e-05, -4.531362839858777e-07, -2.5997400409818524e-08, 9.98214034e-10]
[-9.621807134329585e-06, -1.7019687735764256e-12, -9.56370260225485e-14, 4.402498234197701e-11, -1.8779808785301003e-10, -1.8366977e-15, 1.0756534324334274e-15, 1.3482549128765528e-05, -1.7266479557400537e-06, -1.3565828965997544e-08, 2.331880423316884e-10]
[3.7926079328932525e-06, -1.5220103599164176e-12, -2.28980078e-13, 5.5529684137742975e-11, -2.347020986470677e-10, -1.8366977e-15, 6.5420656810959055e-16, 1.8232070409138956e-05, -3.04572325163291e-06, -2.4996452731751796e-08, 1.669346453154598e-09]
[-8.964674365417474e-06, -1.812202416238924e-12, -7.394459684084875e-14, 1.0575842951948883e-11, -1.75214813e-10, -1.8366977e-15, 1.0014898375349839e-15, 2.447058977313623e-05, -2.477200044114223e-06, -2.4308290302479742e-08, 9.98214034e-10]
[-4.7986457905515595e-06, -1.1050894015262061e-12, -2.749175966287819e-13, 4.62010753e-11, -1.75214813e-10, -5.089540414418398e-16, 8.750435216996842e-16, 3.878568495864332e-05, -2.04721003e-06, -2.717090372028318e-08, 1.545855667841773e-09]
[0.0, -2.446179463407588e-12, -5.2592641611768496e-14, 2.1614464023651955e-11, -5.048785426155624e-11, -2.752827499978476e-15, 2.1656904424825615e-16, 3.9760631682493814e-05, -2.04721003e-06, -1.4551043329913809e-08, 9.98214034e-10]
[-7.963096561331505e-06, -1.5881141438322485e-12, -1.3824372620462845e-13, 1.99331437286065e-11, -7.659421564104197e-11, -1.4296541407388879e-15, 5.291357006863332e-16, 2.1061191690095983e-05, -2.04721003e-06, -1.59792834e-08, 1.3581465685803646e-09]
[-7.939903883361897e-06, -1.0009598115986459e-12, -2.28980078e-13, 6.411412017492196e-11, -2.645961984597897e-10, -9.449933518069218e-16, 3.950899391507692e-16, 3.2672369177719436e-05, -3.3213692676761132e-06, -2.8224359073875372e-08, 9.98214034e-10]
[7.205648236338612e-06, -1.2752046642037082e-12, -3.309338091773735e-13, 2.6502906339451216e-11, -1.75214813e-10, -1.8366977e-15, 7.605674426300852e-16, 3.9834470040280256e-05, -1.1685487729193605e-06, -2.4117547833836557e-08, 1.590894568603392e-09]
[2.9409508222907127e-06, -2.312147581737347e-12, -3.2634132010664487e-13, 5.5801267113012425e-11, -4.8362129627266474e-11, -1.7288251674049474e-15, 4.03285937521268e-16, 4.128750589352873e-05, -2.6359220273719017e-06, -1.9043307602881476e-08, 1.7786031276575359e-09]
[1.1863788984454678e-06, -2.50255652656735e-12, -1.2295042876901937e-13, 6.957559618110721e-11, -1.5644068196854302e-10, -9.205509866614095e-16, 2.7161251164352536e-16, 3.5062990316554575e-05, -3.629350153291309e-06, -2.416477906599331e-08, 5.941514093869822e-10]
[-3.8131945457273186e-06, -9.396299304622872e-13, -3.3311603984209903e-13, 2.611119913622396e-11, -2.781603747205601e-10, -2.9439181894887363e-15, 1.3698565329479625e-15, 2.042282056328919e-05, -2.04721003e-06, -1.9931174134418766e-08, 1.0022662354730528e-09]
[-7.632763377969909e-06, -8.623786998451752e-13, -1.6473786643070478e-13, 3.435719412822372e-11, -1.1848089260455882e-10, -2.5402360118188284e-15, 8.7972160873105455e-16, 3.05728855206765e-05, -1.6832798127514864e-06, -2.302868038415694e-08, 8.818520808267995e-10]
[6.291368349009751e-06, -2.0156053718842658e-12, -3.934588952872817e-13, 5.3695995075397016e-11, -2.991865685820391e-10, -1.5544306176262956e-15, 8.5294406e-16, 1.1333661948491598e-05, -3.2066382051154556e-06, -1.441291082465213e-08, 1.2714879526242428e-09]
[0.0, -1.3510380915609353e-12, -2.28980078e-13, 5.696016991848436e-11, -2.3222909169682166e-10, -2.3133959684996923e-15, 8.882113714143206e-16, 3.153044195539894e-05, -2.9925185584235503e-06, -2.4566933245064445e-08, 1.3209497347585282e-09]
